1000
31 8 81
17 73 94
67 1 56
90 78 19
78 71 68
35 62 33
34 78 66
19 77 96
52 72 19
60 81 83
60 98 27
45 62 57
53 90 67
52 58 41
48 100 27
22 61 99
80 46 30
20 46 23
67 83 21
25 54 15
90 98 72
17 52 13
74 77 38
41 31 52
25 43 87
2 77 57
45 4 63
33 18 17
51 65 58
82 93 96
93 28 75
11 92 53
49 48 55
94 30 67
29 21 89
76 77 73
13 55 55
24 1 68
4 42 74
15 48 19
30 64 33
44 7 12
84 71 12
24 24 77
63 38 11
71 83 38
74 29 63
96 31 25
100 6 31
47 52 75
66 92 12
19 54 59
16 46 80
67 89 59
55 32 37
35 9 73
42 33 100
84 79 64
79 46 84
70 91 100
93 54 6
87 81 48
59 30 79
66 19 66
20 14 88
11 99 88
39 72 57
90 67 82
8 88 1
0 10 42
62 90 75
86 54 55
43 89 76
31 11 66
35 72 76
54 98 4
46 60 87
70 57 74
74 73 98
0 99 43
3 98 22
6 56 93
67 48 15
98 87 25
37 33 18
25 18 17
52 96 17
10 86 69
16 54 82
17 78 67
33 29 79
21 84 62
58 27 76
88 17 100
46 26 68
4 47 5
72 40 83
32 98 7
98 13 29
35 71 80
54 70 59
100 90 10
52 33 14
72 68 30
76 78 55
7 29 86
34 38 11
77 18 99
84 40 70
0 39 48
53 5 47
4 25 17
61 88 67
47 27 8
97 18 34
50 45 96
32 10 75
97 70 4
70 93 6
89 80 48
28 11 21
89 48 41
93 62 100
31 90 6
87 70 20
81 14 29
98 4 46
47 53 21
14 58 26
47 92 81
46 13 17
40 67 34
6 68 91
36 4 21
30 44 90
97 61 94
68 82 88
27 6 1
64 20 30
70 59 36
85 96 27
72 73 82
53 92 12
32 71 93
13 82 4
15 40 98
32 68 96
20 56 46
10 32 14
96 67 6
85 73 70
11 97 8
53 22 1
92 55 47
13 62 69
54 12 86
43 30 26
28 1 34
29 16 45
52 79 8
70 70 72
21 53 4
35 45 55
28 75 45
99 3 95
98 96 13
19 38 41
38 55 3
33 6 28
47 27 41
75 18 15
85 68 41
79 67 41
57 52 31
58 20 9
17 36 76
98 83 39
53 61 85
67 94 53
67 77 35
10 33 56
0 68 90
75 46 17
97 16 13
76 82 99
15 12 1
56 87 92
100 60 84
59 82 94
4 17 11
3 40 45
97 14 17
66 69 9
5 66 37
19 53 6
38 13 28
7 33 36
22 95 30
95 20 58
47 2 34
93 91 57
20 39 43
55 36 81
27 23 72
27 56 28
59 31 96
2 67 55
74 24 4
75 79 54
4 95 82
1 13 64
0 27 62
23 79 47
5 98 52
95 59 36
66 96 69
8 90 85
6 90 18
96 23 79
43 41 16
60 52 78
78 12 26
82 32 14
55 58 79
99 99 99
69 62 92
54 69 77
88 45 37
98 28 93
61 55 7
25 23 43
99 70 86
58 85 42
74 32 14
20 62 88
24 60 67
2 96 76
51 61 95
32 77 66
23 24 41
48 69 67
85 84 21
65 19 26
21 66 14
9 100 8
58 58 81
84 74 99
33 84 61
44 68 69
84 53 47
35 35 60
10 34 82
31 83 25
24 26 19
86 82 81
34 59 57
99 8 47
90 58 66
3 31 48
62 57 13
31 30 58
26 26 94
41 5 75
79 48 76
11 73 54
89 86 90
73 60 73
78 100 69
16 43 68
52 91 16
39 81 80
20 28 98
91 86 25
56 22 38
50 65 61
27 65 77
34 14 7
75 55 81
75 68 11
16 74 2
43 72 63
50 91 58
85 93 63
7 54 41
27 97 67
82 2 69
1 52 5
4 38 5
42 65 78
100 1 1
18 66 28
53 89 74
24 81 77
76 27 10
77 88 1
38 27 52
87 40 57
4 62 87
16 97 9
36 42 44
88 55 34
33 44 96
90 63 36
37 13 100
80 65 25
71 35 27
47 71 80
75 40 70
70 16 5
25 74 22
70 87 37
85 85 71
45 39 23
94 62 11
53 48 96
85 13 84
25 63 58
100 27 67
8 7 32
96 74 56
48 52 2
42 62 90
3 8 88
75 97 59
30 61 23
32 43 54
58 90 100
13 15 75
45 38 11
23 65 87
75 97 39
17 63 22
16 39 79
24 29 11
65 77 76
100 89 76
41 48 10
16 93 89
2 35 88
61 11 30
54 7 5
4 99 34
45 19 56
23 58 58
72 36 27
62 17 79
35 97 48
52 69 42
20 73 91
22 21 46
16 88 96
8 31 78
7 21 17
30 41 28
60 4 61
47 74 14
84 90 42
7 38 80
0 65 91
98 55 70
25 47 39
14 63 94
86 22 44
94 20 21
41 12 92
16 66 92
56 82 23
98 85 38
28 100 1
3 96 47
37 3 58
98 42 24
6 36 66
85 9 98
99 70 27
12 72 15
19 67 40
49 86 5
72 15 93
30 25 5
68 63 40
36 12 28
81 53 85
69 91 72
55 48 15
19 90 69
75 63 74
67 67 62
80 2 41
67 73 45
38 3 52
26 2 42
80 15 95
51 52 94
23 100 5
73 9 85
60 5 38
2 59 23
80 66 44
80 5 56
42 25 39
99 10 38
31 3 8
8 87 8
79 4 33
71 76 48
4 90 64
44 31 91
52 36 12
55 47 53
73 29 39
28 53 36
93 68 55
53 77 48
92 80 87
33 39 73
27 81 7
40 29 7
75 30 25
0 44 99
51 66 33
27 69 53
92 4 28
34 15 71
36 22 35
57 98 14
73 32 97
54 6 54
86 23 47
52 71 98
18 22 25
25 85 66
46 18 82
28 95 81
7 55 65
53 85 73
97 87 65
65 77 89
51 16 83
54 53 91
75 52 73
16 66 96
55 71 46
42 13 34
23 70 19
52 56 84
14 98 61
95 33 26
41 9 44
18 89 10
81 64 70
90 16 86
0 20 21
89 8 11
67 43 16
15 73 20
29 25 59
87 21 91
21 88 44
40 79 88
63 5 13
60 2 68
50 27 13
64 16 62
29 72 80
23 34 79
20 60 5
22 88 73
6 54 76
17 24 45
9 67 98
35 55 45
13 35 36
11 5 82
22 4 96
68 88 23
34 66 96
90 72 20
98 69 74
80 94 17
82 45 77
40 47 81
69 26 21
66 75 25
48 59 23
32 46 61
22 89 58
63 73 6
67 68 52
81 8 37
5 95 26
55 93 15
37 24 17
40 32 40
17 79 13
59 96 91
9 70 2
62 44 84
7 56 41
52 68 11
97 10 17
88 40 84
14 84 31
71 52 15
100 68 14
26 92 27
100 9 27
24 98 37
24 64 84
61 38 36
69 44 38
50 22 86
96 46 9
9 77 77
36 41 40
28 62 38
61 11 97
57 26 71
10 72 100
91 10 23
75 69 6
34 27 91
18 56 55
28 58 46
88 98 52
57 87 8
0 71 40
74 86 67
59 78 24
48 77 79
100 33 89
66 26 38
16 81 80
44 26 6
33 56 65
33 60 68
11 45 47
25 43 2
10 5 43
50 22 62
75 23 60
77 67 94
5 36 8
19 71 93
23 7 39
73 93 3
38 15 17
22 2 57
97 69 86
10 55 4
82 56 91
5 21 40
64 96 55
43 81 99
41 87 80
45 12 15
89 41 20
12 98 95
3 53 40
82 98 10
91 10 57
76 7 28
2 21 41
74 76 22
40 31 94
12 72 83
72 84 72
82 28 71
94 41 86
99 35 58
28 16 5
19 95 1
1 22 6
87 47 83
7 29 92
15 14 85
84 1 80
54 84 33
74 35 78
100 84 72
84 70 75
56 65 95
96 97 9
24 89 95
25 12 74
57 92 78
56 1 93
52 71 59
10 34 81
21 57 20
36 17 39
14 65 87
7 68 97
22 15 99
46 59 25
63 39 40
65 48 46
12 25 45
80 80 99
100 91 42
22 34 52
15 81 62
69 77 100
7 13 96
75 9 23
20 18 1
76 84 67
30 5 55
87 37 39
100 28 10
76 86 17
44 4 23
70 67 75
1 87 21
80 33 25
57 85 91
79 70 92
1 94 5
1 55 20
54 36 40
4 79 33
36 67 58
95 29 87
25 61 69
23 66 83
100 39 9
35 99 22
91 25 16
31 32 20
0 2 42
86 15 32
93 5 46
13 64 55
82 70 56
83 77 98
35 22 38
74 35 91
17 53 33
14 59 83
95 92 84
8 78 93
12 55 55
25 65 34
50 42 68
85 12 5
61 11 61
18 69 54
84 75 56
32 38 20
66 96 69
84 48 1
2 47 93
28 74 83
44 52 32
50 66 61
1 12 64
46 100 56
47 39 84
49 97 30
2 94 46
11 10 80
6 53 79
91 22 82
47 32 85
41 67 73
28 12 87
13 98 74
18 75 8
2 76 15
15 81 30
42 7 15
10 55 27
63 97 5
37 43 86
55 94 27
56 91 37
8 47 90
18 18 95
38 100 15
100 91 18
49 35 2
58 18 38
94 24 53
73 94 45
28 43 83
8 61 41
25 93 2
48 48 69
83 88 33
8 44 91
46 13 25
25 68 86
67 45 63
13 99 9
15 29 66
79 31 94
96 2 72
100 66 13
64 85 30
76 87 22
99 41 62
57 41 42
33 69 55
24 66 29
6 97 77
82 97 70
7 84 93
11 72 92
43 54 4
57 28 81
52 68 7
95 82 27
82 42 37
75 71 84
64 25 83
90 48 65
33 36 11
49 79 11
29 42 62
84 95 42
3 22 39
14 46 40
45 24 7
58 16 65
97 24 78
38 8 35
100 84 31
54 28 35
26 4 85
76 85 40
57 27 68
90 93 62
60 100 78
10 9 17
74 27 60
8 20 80
39 43 22
91 35 47
82 87 30
23 60 91
34 64 3
21 63 84
75 28 25
51 9 46
3 89 85
78 92 39
86 7 52
100 37 76
77 89 75
8 2 87
16 86 46
35 29 87
36 86 34
19 7 99
39 5 38
30 17 52
2 98 62
8 58 1
97 82 93
67 7 97
23 8 13
46 13 67
95 62 96
100 23 20
59 83 100
35 81 8
65 46 89
59 19 85
67 43 20
22 28 37
19 32 69
52 37 89
29 75 87
75 93 5
21 52 78
5 47 66
79 26 26
35 68 35
72 98 89
62 59 95
100 74 54
55 37 9
30 57 67
66 17 16
0 55 55
92 3 36
59 22 76
50 96 59
13 9 38
8 3 76
65 34 26
91 2 12
42 63 85
34 21 80
47 8 15
76 21 60
81 30 41
66 43 12
47 25 9
4 47 1
69 82 83
99 92 60
46 54 18
42 12 84
0 92 67
87 5 14
12 9 17
46 74 16
79 37 2
47 88 38
15 100 82
64 82 82
39 39 55
95 52 21
9 10 84
78 22 46
50 36 93
96 33 27
37 29 63
91 86 32
20 73 83
62 86 17
34 26 6
78 56 13
4 80 61
61 85 22
99 62 71
86 92 88
26 91 40
64 38 29
90 37 82
55 83 24
76 5 76
90 14 81
47 12 95
50 82 26
24 57 9
87 37 94
18 61 15
62 46 1
73 5 80
56 80 4
79 29 41
8 67 44
21 17 22
17 43 82
100 70 91
59 75 48
29 90 66
13 47 81
61 30 32
76 10 62
1 95 53
100 98 41
97 76 47
87 20 40
51 7 31
6 23 99
83 56 97
34 10 100
16 12 2
52 20 71
48 86 21
55 82 52
62 48 83
12 65 66
30 86 56
72 83 63
5 20 37
10 22 75
85 16 71
48 55 54
89 84 47
44 95 98
54 73 68
38 18 100
96 55 72
23 1 19
94 13 95
54 18 72
42 33 8
52 44 12
77 28 9
57 75 18
16 86 48
72 96 80
42 67 14
12 71 89
26 57 61
34 92 69
58 12 24
37 77 96
75 53 41
75 31 59
28 14 70
96 28 17
17 81 100
73 94 6
39 94 64
20 98 70
17 32 44
52 39 2
75 76 37
67 60 11
23 7 3
42 67 86
30 9 85
82 35 76
62 46 8
71 28 11
81 40 43
92 82 14
11 45 87
95 95 17
13 69 20
2 72 59
7 95 21
60 81 24
7 52 33
34 68 35
46 83 61
30 60 84
26 54 1
55 3 20
6 74 32
92 31 9
71 8 8
56 57 34
67 88 33
19 13 36
62 17 11
9 72 95
57 58 89
75 83 75
77 91 2
22 97 31
99 92 73
20 56 69
35 57 4
60 38 13
34 78 21
99 58 92
30 94 18
28 2 36
41 85 37
11 99 92
20 2 14
38 31 43
55 55 17
6 10 20
74 92 31
45 83 96
1 28 70
68 55 29
96 100 18
12 59 63
14 72 37
2 100 54
18 95 60
69 11 77
17 89 70
73 41 26
6 74 68
35 73 75
32 74 85
41 62 75
72 21 28
91 54 60
2 86 38
69 25 52
5 92 68
91 9 77
19 15 33
25 60 20
75 36 52
19 80 12
75 33 74
94 75 65
24 84 57
66 15 25
31 9 97
41 97 37
6 27 73
12 39 71
79 8 72
97 58 73
39 68 89
4 87 25
65 18 82
81 13 32
58 63 62
54 86 32
0 30 70
52 60 75
80 32 67
76 23 47
19 78 93
82 24 95
69 39 59
46 4 73
